5, 50, 2
f1, 2
 0; 1; -1; 0; 0; 0; 0; 0; 0; 0
(null), 0
 0; 0; 0; 0; 0; 0; 0; 0; 0; 0
(null), 0
 0; 0; 0; 0; 0; 0; 0; 0; 0; 0
(null), 0
 0; 0; 0; 0; 0; 0; 0; 0; 0; 0
(null), 0
 0; 0; 0; 0; 0; 0; 0; 0; 0; 0
(null), 0
 0; 0; 0; 0; 0; 0; 0; 0; 0; 0
(null), 0
 0; 0; 0; 0; 0; 0; 0; 0; 0; 0
(null), 0
 0; 0; 0; 0; 0; 0; 0; 0; 0; 0
(null), 0
 0; 0; 0; 0; 0; 0; 0; 0; 0; 0
(null), 0
 0; 0; 0; 0; 0; 0; 0; 0; 0; 0
(null), 0
 0; 0; 0; 0; 0; 0; 0; 0; 0; 0
(null), 0
 0; 0; 0; 0; 0; 0; 0; 0; 0; 0
(null), 0
 0; 0; 0; 0; 0; 0; 0; 0; 0; 0
(null), 0
 0; 0; 0; 0; 0; 0; 0; 0; 0; 0
(null), 0
 0; 0; 0; 0; 0; 0; 0; 0; 0; 0
(null), 0
 0; 0; 0; 0; 0; 0; 0; 0; 0; 0
(null), 0
 0; 0; 0; 0; 0; 0; 0; 0; 0; 0
(null), 0
 0; 0; 0; 0; 0; 0; 0; 0; 0; 0
(null), 0
 0; 0; 0; 0; 0; 0; 0; 0; 0; 0
(null), 0
 0; 0; 0; 0; 0; 0; 0; 0; 0; 0
 0
rysowa0000000000000000000000000000000000000000000000000000000000000000000000000000000000000000000000000000000000000000000000000000000000000000000000000000000000000000000000000000000000000000000000000000000000000000000000000000000000000000000000000000